7.279863581061363220e-03
-1.071106176823377609e-02
-2.114651957526803017e-03
-7.072122767567634583e-03
-1.414268626831471920e-04
6.287541240453720093e-03
-2.963096834719181061e-03
7.003125734627246857e-03
1.734383258735761046e-04
-3.166635986417531967e-03
-1.097697671502828598e-02
3.160784952342510223e-03
-7.451992947608232498e-03
-3.299827687442302704e-03
3.094933461397886276e-03
-1.524189021438360214e-03
-1.058379537425935268e-03
6.966354325413703918e-03
9.360718540847301483e-03
-1.032261084765195847e-02
-9.447651915252208710e-03
6.111877504736185074e-03
1.098346337676048279e-02
1.330913137644529343e-02
1.025099027901887894e-02
8.955727331340312958e-03
1.559416763484477997e-02
7.665902841836214066e-03
4.874845966696739197e-03
-2.591939119156450033e-04
7.468183059245347977e-03
-3.539678873494267464e-03
3.541107987985014915e-03
3.332327120006084442e-03
4.085639026015996933e-03
-4.553692881017923355e-03
6.376550998538732529e-03
8.893840014934539795e-03
-9.089387021958827972e-04
4.809335805475711823e-03
6.874728016555309296e-03
1.508789788931608200e-02
-7.211270742118358612e-03
3.390076803043484688e-03
1.391778205288574100e-04
2.041998086497187614e-03
-1.149701606482267380e-02
-3.296134062111377716e-03
1.618572138249874115e-02
-9.496149607002735138e-03
1.158162951469421387e-03
2.573088509961962700e-03
4.603366833180189133e-03
-6.032835692167282104e-03
1.571514294482767582e-03
-7.739013060927391052e-03
-1.200361642986536026e-02
7.180888205766677856e-03
5.611529573798179626e-03
1.576469396241009235e-03
-9.566309861838817596e-03
5.080806557089090347e-03
4.708183463662862778e-03
9.769031777977943420e-03
1.958415610715746880e-03
-1.659511122852563858e-03
-2.121720463037490845e-04
6.441355217248201370e-03
7.360594812780618668e-03
2.245070645585656166e-03
-1.475940342061221600e-03
-1.377880759537220001e-02
5.752074532210826874e-03
3.870989661663770676e-03
-1.749380491673946381e-03
-6.004267372190952301e-03
1.779578253626823425e-02
-6.319419480860233307e-03
-1.302285352721810341e-03
6.544883362948894501e-03
-1.438706065528094769e-03
5.276950076222419739e-03
5.020767450332641602e-03
-3.284041071310639381e-03
-5.021105986088514328e-03
-6.388240959495306015e-03
-6.946402601897716522e-03
-4.860993009060621262e-03
-8.946314454078674316e-03
-1.129898056387901306e-02
-6.214269524207338691e-05
5.079897120594978333e-03
6.452903617173433304e-04
-9.862855076789855957e-03
-8.335200138390064240e-03
-2.454183297231793404e-03
-1.616666908375918865e-03
5.162121378816664219e-04
-3.592734574340283871e-04
-7.991646416485309601e-03
1.470489427447319031e-02
-6.846525240689516068e-03
1.391531154513359070e-02
-2.750679268501698971e-04
-3.278414020314812660e-03
2.496513305231928825e-03
-3.493359778076410294e-03
-6.261609494686126709e-03
-5.802336614578962326e-03
4.605405498296022415e-03
-1.615482196211814880e-02
-2.538645931053906679e-04
-3.157761413604021072e-03
-8.955053053796291351e-03
9.450148791074752808e-03
-5.275745643302798271e-04
1.221414771862328053e-03
-7.136452011764049530e-03
-7.807097397744655609e-03
-1.186751388013362885e-02
-2.408200874924659729e-03
1.847246475517749786e-02
6.796667817980051041e-03
1.808637566864490509e-02
2.653878415003418922e-03
-5.789932794868946075e-03
-1.761778257787227631e-03
1.384262088686227798e-02
9.666986763477325439e-03
-7.773270364850759506e-03
1.186836417764425278e-02
-9.804100729525089264e-03
4.215106833726167679e-03
-8.724845945835113525e-03
-1.267233677208423615e-02
9.253060445189476013e-03
-1.765527389943599701e-02
-1.834059134125709534e-03
1.579197123646736145e-02
-1.130109536461532116e-03
9.833144024014472961e-03
3.059931797906756401e-03
-9.619178250432014465e-03
-5.591252353042364120e-03
-6.442315876483917236e-03
6.455640308558940887e-03
-1.311974413692951202e-02
1.070853229612112045e-02
4.108151886612176895e-03
-2.306011156179010868e-04
-1.404377864673733711e-03
-3.256495809182524681e-03
-6.449924316257238388e-03
1.242079026997089386e-02
9.559929603710770607e-04
-1.293703448027372360e-03
-1.570915337651968002e-03
1.260620914399623871e-02
-6.002894602715969086e-03
-1.119428873062133789e-02
-9.532495401799678802e-03
1.263224985450506210e-03
7.590068969875574112e-03
-8.228555321693420410e-03
-2.779865870252251625e-03
-1.107954978942871094e-02
4.826915916055440903e-03
4.574716556817293167e-03
2.376647898927330971e-05
8.120922138914465904e-04
-3.747727721929550171e-03
1.131346262991428375e-02
1.826814259402453899e-03
-3.866373153869062662e-04
-5.857246462255716324e-03
5.030505824834108353e-03
-1.316180732101202011e-02
1.938297646120190620e-03
5.432268138974905014e-03
2.410480286926031113e-03
6.823507137596607208e-03
-2.548935299273580313e-04
-5.104299169033765793e-03
1.443043723702430725e-02
1.177952159196138382e-02
-2.269685966894030571e-03
-1.212469651363790035e-03
-8.267221972346305847e-03
-1.832291716709733009e-03
5.031544715166091919e-04
-6.904537789523601532e-03
1.626766461413353682e-04
1.036987546831369400e-02
1.644583605229854584e-02
-1.374932006001472473e-03
4.508389625698328018e-03
4.264711868017911911e-03
3.077813191339373589e-03
2.343228552490472794e-03
-1.094732061028480530e-02
-7.014549337327480316e-03
6.791206076741218567e-03
4.231334023643285036e-04
-1.053870283067226410e-02
-1.228006649762392044e-02
-2.124817256117239594e-04
1.508536399342119694e-03
-1.218152046203613281e-02
-4.282889422029256821e-04
-1.048427168279886246e-02
-7.294359151273965836e-03
-1.801177742891013622e-03
-6.103543564677238464e-03
-3.347346093505620956e-03
-1.071002334356307983e-02
-2.631966955959796906e-03
2.989432774484157562e-03
4.096450749784708023e-03
8.682699874043464661e-03
-2.913949312642216682e-03
-2.510571852326393127e-03
5.925222765654325485e-03
3.038675757125020027e-03
-1.246389350853860378e-03
-8.411250892095267773e-04
1.972011523321270943e-03
3.014394547790288925e-03
3.701120615005493164e-03
-3.820480778813362122e-03
-1.351563609205186367e-03
-4.408848006278276443e-03
-3.507772693410515785e-03
-1.052077743224799633e-03
3.837876021862030029e-03
1.171416416764259338e-02
6.274334620684385300e-03
2.439276548102498055e-03
5.463993642479181290e-03
-4.376823082566261292e-03
-5.691416561603546143e-03
-1.093319337815046310e-02
4.921418614685535431e-03
-1.400939840823411942e-02
-1.644429168663918972e-03
-1.000525895506143570e-02
4.930294584482908249e-03
-6.222143769264221191e-03
1.438169274479150772e-03
8.701279759407043457e-03
-4.305114562157541513e-04
-5.961106158792972565e-03
-7.209854666143655777e-04
1.258258242160081863e-02
1.098122447729110718e-02
5.771440453827381134e-03
6.179044954478740692e-03
