-2.821202622726559639e-03
-5.256807897239923477e-03
1.551169902086257935e-03
-9.867276996374130249e-03
-4.429403226822614670e-03
-6.485236808657646179e-03
5.017652292735874653e-04
2.489116974174976349e-03
1.341959740966558456e-02
-6.278732791543006897e-03
-1.914008607855066657e-04
1.724154106341302395e-03
1.614438928663730621e-02
8.913598023355007172e-03
-5.395429208874702454e-03
-2.367807365953922272e-02
-4.585945513099431992e-03
-3.588242921978235245e-03
-8.893081918358802795e-03
-7.442376110702753067e-03
