3.083140254020690918e-01 5.061491727828979492e-01 3.284293711185455322e-01 -7.064634002745151520e-03 -2.057104855775833130e-01 -9.840258397161960602e-03 -2.116755098104476929e-01 -8.700643479824066162e-02 2.409617044031620026e-02 2.980408966541290283e-01
-1.757441461086273193e-01 2.257186472415924072e-01 3.754618763923645020e-01 3.042753040790557861e-01 -2.008670717477798462e-01 1.314825266599655151e-01 -2.732082009315490723e-01 8.028969168663024902e-02 2.184975147247314453e-01 -1.074479073286056519e-01
-4.214415252208709717e-01 3.067656755447387695e-01 -3.429147005081176758e-01 -3.433558642864227295e-01 -3.030173182487487793e-01 2.658875286579132080e-01 2.630264759063720703e-01 4.269803166389465332e-01 -1.257181540131568909e-02 3.219365701079368591e-02
-2.335561513900756836e-01 -1.309806108474731445e-01 2.302277982234954834e-01 1.604254357516765594e-02 3.492459654808044434e-01 4.733667895197868347e-02 4.748298227787017822e-02 -2.728379964828491211e-01 1.868988946080207825e-02 6.272892933338880539e-03
9.670668840408325195e-02 -2.054737806320190430e-01 -3.121998608112335205e-01 6.197229027748107910e-02 8.311375975608825684e-02 2.357234805822372437e-01 1.963171660900115967e-01 -5.907494202256202698e-02 2.320894449949264526e-01 4.342986270785331726e-03
1.965927034616470337e-01 4.420747756958007812e-01 3.430425822734832764e-01 1.126655563712120056e-01 -4.030619263648986816e-01 2.638689875602722168e-01 -3.096884489059448242e-01 3.513317406177520752e-01 1.339574810117483139e-02 -2.581448554992675781e-01
-3.554560989141464233e-02 -3.195976018905639648e-01 -3.000875711441040039e-01 7.318189740180969238e-02 3.164459764957427979e-01 -2.548871636390686035e-01 -3.595287501811981201e-01 1.198736503720283508e-01 5.627086013555526733e-02 4.100366234779357910e-01
1.692277044057846069e-01 2.663523331284523010e-02 1.396343708038330078e-01 3.535518646240234375e-01 -2.444171905517578125e-01 2.905631363391876221e-01 -5.025430023670196533e-02 -3.016527593135833740e-01 -1.027033254504203796e-01 4.371194913983345032e-02
-2.349322438240051270e-01 2.744704186916351318e-01 3.450183868408203125e-01 2.952412664890289307e-01 -2.877189517021179199e-01 -2.518940567970275879e-01 -2.589074671268463135e-01 1.108670607209205627e-01 3.579348325729370117e-01 1.205613613128662109e-01
3.587611615657806396e-01 -4.170672222971916199e-02 2.579160630702972412e-01 -2.116047590970993042e-01 8.640120178461074829e-02 -2.492958307266235352e-01 2.434239983558654785e-01 2.842631340026855469e-01 2.043092846870422363e-01 2.694153487682342529e-01
-4.421195089817047119e-01 2.333174496889114380e-01 -3.691256344318389893e-01 1.859280914068222046e-01 -1.804122924804687500e-01 -2.494770437479019165e-01 -3.262678086757659912e-01 3.182059824466705322e-01 -3.677015304565429688e-01 -2.208048552274703979e-01
-6.795398145914077759e-02 2.902680039405822754e-01 1.593728363513946533e-01 -3.061235249042510986e-01 1.829657703638076782e-01 -3.375427424907684326e-02 -2.299084365367889404e-01 -3.007612824440002441e-01 1.041320040822029114e-01 -3.083191514015197754e-01
1.687516719102859497e-01 1.135729774832725525e-01 4.220442473888397217e-01 1.392779201269149780e-01 2.482026666402816772e-01 2.940930426120758057e-02 -3.166927099227905273e-01 -4.276705086231231689e-01 -1.724430769681930542e-01 -8.149902522563934326e-02
-1.846536844968795776e-01 2.285471558570861816e-01 -3.909818083047866821e-02 -1.964715272188186646e-01 -2.755114138126373291e-01 -1.966069638729095459e-01 2.283260077238082886e-01 -4.092956483364105225e-01 3.646292686462402344e-01 3.956737518310546875e-01
-4.327744245529174805e-01 2.707073390483856201e-01 -3.865267336368560791e-01 -3.477591574192047119e-01 3.640237748622894287e-01 -1.088300645351409912e-01 3.677382171154022217e-01 -1.406627148389816284e-01 3.497011959552764893e-01 1.114717200398445129e-01
1.609710007905960083e-01 -2.346229553222656250e-01 -2.551286518573760986e-01 -2.796628773212432861e-01 1.851274967193603516e-01 -5.024446919560432434e-02 3.519492745399475098e-01 -1.896475255489349365e-01 -3.465164899826049805e-01 -5.244602262973785400e-02
-9.793949872255325317e-02 -2.870609164237976074e-01 3.972529172897338867e-01 -1.183703616261482239e-01 1.804536581039428711e-01 8.408579230308532715e-02 2.975622750818729401e-02 -1.513404399156570435e-01 2.697636783123016357e-01 -1.291457116603851318e-01
-3.081997036933898926e-01 2.630171775817871094e-01 -1.089731678366661072e-01 1.221008747816085815e-01 -2.783191502094268799e-01 -3.070225715637207031e-01 -1.845886558294296265e-02 9.180516749620437622e-02 4.120700657367706299e-01 3.489930629730224609e-01
3.429440557956695557e-01 1.165868863463401794e-01 -1.475833058357238770e-01 -1.254964917898178101e-01 -2.097174823284149170e-01 5.793653056025505066e-02 -1.445749849081039429e-01 -3.452208042144775391e-01 5.250517651438713074e-02 2.158523797988891602e-01
-1.391486674547195435e-01 3.504459187388420105e-02 3.403944075107574463e-01 -1.912942975759506226e-01 4.161405861377716064e-01 -6.863124202936887741e-03 -1.202750280499458313e-01 -4.197210073471069336e-01 -1.939945816993713379e-01 4.124553203582763672e-01
