6.682879291474819183e-03
-9.483307600021362305e-03
-1.141552999615669250e-02
-3.684727707877755165e-03
-1.265073008835315704e-02
1.503188163042068481e-03
-3.236124524846673012e-03
-2.926924498751759529e-03
-7.898943498730659485e-03
1.491024740971624851e-03
-1.605728641152381897e-02
4.168986342847347260e-03
-2.428656071424484253e-02
-4.160287790000438690e-03
-6.019727792590856552e-03
-6.685260683298110962e-03
1.592321495991200209e-04
-3.013582900166511536e-03
-7.689373102039098740e-03
-4.443015903234481812e-03
-1.563885435461997986e-02
2.145582344383001328e-03
2.552831545472145081e-03
9.441448375582695007e-03
1.158618088811635971e-02
1.637647976167500019e-03
-1.402863999828696251e-03
-9.360465221107006073e-03
1.728907041251659393e-02
9.511756710708141327e-03
-2.070709131658077240e-02
1.101599168032407761e-02
-1.506514754146337509e-02
-1.617365516722202301e-02
1.286660786718130112e-02
-1.332315383478999138e-03
-7.700639311224222183e-03
-9.675018489360809326e-03
-5.990776699036359787e-03
-6.283247843384742737e-03
-1.938084885478019714e-02
-5.236055701971054077e-03
-1.444474677555263042e-03
-5.129648372530937195e-03
-1.454490888863801956e-02
-3.112304490059614182e-03
2.823636168614029884e-03
9.704705444164574146e-04
5.148229189217090607e-03
4.853166174143552780e-03
-3.220466198399662971e-03
-3.909560386091470718e-03
-9.247791022062301636e-03
-1.378739345818758011e-02
1.311557600274682045e-03
6.261799950152635574e-03
-7.941373623907566071e-03
1.402139384299516678e-02
-6.671574898064136505e-03
-1.306374371051788330e-02
-1.624469459056854248e-02
-1.266513019800186157e-02
-1.497709285467863083e-02
3.289303509518504143e-03
-4.397059790790081024e-03
-5.680676084011793137e-03
1.319011114537715912e-02
-6.704641506075859070e-03
3.863253397867083549e-03
-6.293714977800846100e-03
-2.765576122328639030e-03
-1.681571011431515217e-03
2.286174520850181580e-02
-1.203807909041643143e-02
-1.069271750748157501e-02
6.513006519526243210e-03
-4.496116191148757935e-03
-1.172855589538812637e-02
-6.408247631043195724e-03
-2.246373769594356418e-04
-7.472921628504991531e-03
8.710776455700397491e-03
-3.529998240992426872e-03
-8.692163974046707153e-04
1.684820628724992275e-03
6.230146158486604691e-03
-1.017288304865360260e-03
8.028117008507251740e-04
-4.637914709746837616e-03
-1.010313257575035095e-02
5.020421463996171951e-03
-6.709478795528411865e-03
-3.761050524190068245e-03
-1.813752576708793640e-03
-1.106357946991920471e-02
-1.243854523636400700e-03
