-4.019215106964111328e-01 -4.003303349018096924e-01 1.954630315303802490e-01 2.128023207187652588e-01 3.239929080009460449e-01 3.941717445850372314e-01 3.115028440952301025e-01 -2.770188450813293457e-01 6.858621537685394287e-02 1.106497645378112793e-01
-1.343395859003067017e-01 2.361426688730716705e-02 2.488266378641128540e-01 1.139868125319480896e-01 2.817952334880828857e-01 3.488361239433288574e-01 -2.227973639965057373e-01 2.894449532032012939e-01 -1.075425446033477783e-01 1.992682814598083496e-01
-3.535412847995758057e-01 1.506029441952705383e-02 -1.353278905153274536e-01 3.890715241432189941e-01 -3.198532760143280029e-01 -1.565120220184326172e-01 1.745810359716415405e-01 -1.199718639254570007e-01 -4.210341870784759521e-01 8.075583726167678833e-02
-2.299122959375381470e-01 -2.269169986248016357e-01 -8.536325395107269287e-02 -1.701424717903137207e-01 -1.528703868389129639e-01 2.932206392288208008e-01 -3.056483268737792969e-01 -3.611197769641876221e-01 -4.097383320331573486e-01 1.084785163402557373e-01
2.013610303401947021e-01 -2.143212966620922089e-02 3.853383064270019531e-01 4.002819955348968506e-01 4.090239703655242920e-01 -2.386519610881805420e-01 -3.045408427715301514e-01 4.433898627758026123e-01 -3.182573318481445312e-01 -1.608947366476058960e-01
-1.823629140853881836e-01 2.435753643512725830e-01 4.207393229007720947e-01 1.150303110480308533e-01 -2.335141897201538086e-01 -4.072435200214385986e-01 1.054752543568611145e-01 3.389903604984283447e-01 -5.107767134904861450e-02 2.589387297630310059e-01
1.822614669799804688e-02 6.270939111709594727e-02 5.546755716204643250e-02 3.876205086708068848e-01 -1.480563879013061523e-01 4.040814042091369629e-01 2.724561393260955811e-01 -3.179364800453186035e-01 -2.861508727073669434e-01 3.805431425571441650e-01
-3.709344565868377686e-01 3.405028283596038818e-01 -2.533684372901916504e-01 3.221248686313629150e-01 -1.463968455791473389e-01 -1.593516916036605835e-01 -2.320304960012435913e-01 2.720592543482780457e-02 5.106187239289283752e-02 1.322889178991317749e-01
3.140721321105957031e-01 6.043250858783721924e-02 1.361958496272563934e-02 3.926769644021987915e-02 2.422233223915100098e-01 -6.152984872460365295e-02 2.448635399341583252e-01 -1.059167310595512390e-01 9.982541948556900024e-02 1.841736137866973877e-01
-2.962590157985687256e-01 4.091741740703582764e-01 3.142115175724029541e-01 -4.613491520285606384e-02 1.429035365581512451e-01 -2.525620162487030029e-02 -5.668299645185470581e-02 -3.438433110713958740e-01 2.274658530950546265e-01 -2.063687741756439209e-01
6.200039014220237732e-02 -1.466091424226760864e-01 2.081541121006011963e-01 2.935044765472412109e-01 -4.809850454330444336e-02 1.209793332964181900e-02 3.260085880756378174e-01 3.649575710296630859e-01 4.023082256317138672e-01 3.242056369781494141e-01
1.077280566096305847e-01 4.011948406696319580e-01 -3.935908079147338867e-01 -3.870362937450408936e-01 -3.455295860767364502e-01 -2.802670598030090332e-01 -3.555764257907867432e-01 -9.773462265729904175e-02 -2.295310609042644501e-03 -3.219338655471801758e-01
-2.247316837310791016e-01 -2.132064700126647949e-01 3.001253008842468262e-01 3.348883390426635742e-01 -9.147104620933532715e-02 -2.147686928510665894e-01 4.003859162330627441e-01 -1.088943853974342346e-01 -2.161323130130767822e-01 -1.910511776804924011e-02
-2.309501767158508301e-01 1.248841658234596252e-01 -5.987670272588729858e-02 -3.696675598621368408e-01 8.810753934085369110e-03 8.767896145582199097e-02 -2.984303236007690430e-01 -6.806484609842300415e-02 3.739093244075775146e-01 -2.481931149959564209e-01
-3.640625774860382080e-01 5.886952951550483704e-02 -4.088107943534851074e-01 -2.512928843498229980e-01 -3.468034565448760986e-01 -3.956329822540283203e-01 -3.654212057590484619e-01 -2.522681057453155518e-01 7.847414165735244751e-02 -1.302055269479751587e-01
-1.970137208700180054e-01 -1.644393652677536011e-01 -1.072663888335227966e-01 -2.737015858292579651e-02 2.795747816562652588e-01 -3.120066225528717041e-01 3.720085620880126953e-01 -1.604383736848831177e-01 2.300158590078353882e-01 -4.329301714897155762e-01
-2.222579270601272583e-01 -9.136307984590530396e-02 -2.538501620292663574e-01 4.328720569610595703e-01 3.019658327102661133e-01 -4.270930588245391846e-01 7.258637249469757080e-02 -1.063454896211624146e-01 3.112887963652610779e-02 3.407178819179534912e-01
-3.265652060508728027e-01 1.906225532293319702e-01 1.486163586378097534e-01 3.998847007751464844e-01 1.505371779203414917e-01 -6.093655899167060852e-02 2.260189652442932129e-01 -5.149581935256719589e-03 1.605807095766067505e-01 1.980663090944290161e-01
-5.742584168910980225e-02 1.664323955774307251e-01 1.823340803384780884e-01 -5.126291513442993164e-02 8.467791974544525146e-02 -6.082938518375158310e-03 8.757839910686016083e-03 -3.170238137245178223e-01 1.420723795890808105e-01 3.239127993583679199e-01
1.600179523229598999e-01 1.690547317266464233e-01 1.215870231389999390e-01 8.645208179950714111e-02 -1.651756912469863892e-01 1.193381026387214661e-01 -7.834121584892272949e-02 2.798167169094085693e-01 -1.225672960281372070e-01 2.174867987632751465e-01
