-9.615221060812473297e-03
1.666043535806238651e-03
3.136100713163614273e-03
-4.895771853625774384e-03
-1.194295659661293030e-02
8.196316659450531006e-03
1.274322858080267906e-04
-1.334805693477392197e-02
-6.001318804919719696e-03
6.410441710613667965e-04
-1.821177429519593716e-03
3.427751827985048294e-03
-4.083593375980854034e-03
4.248125012964010239e-03
5.325373727828264236e-03
-7.997143082320690155e-03
-2.319765090942382812e-02
-1.124498527497053146e-02
-3.882139688357710838e-03
6.506000645458698273e-03
